1.0
3.0
5.0
7.0
9.0
11.0
13.0
15.0
17.0
19.0
21.0
23.0
25.0
27.0
29.0
31.0
33.0
35.0
37.0
39.0
41.0
43.0
45.0
47.0
49.0
51.0
53.0
55.0
57.0
59.0
61.0
63.0
65.0
67.0
69.0
71.0
73.0
75.0
77.0
79.0
81.0
83.0
85.0
87.0
89.0
91.0
93.0
95.0
97.0
99.0
101.0
103.0
105.0
107.0
109.0
111.0
113.0
115.0
117.0
119.0
121.0
123.0
125.0
127.0
129.0
131.0
133.0
135.0
137.0
139.0
141.0
143.0
145.0
147.0
149.0
151.0
153.0
155.0
157.0
159.0
161.0
163.0
165.0
167.0
169.0
171.0
173.0
175.0
177.0
179.0
181.0
183.0
185.0
187.0
189.0
191.0
193.0
195.0
197.0
199.0
201.0
203.0
205.0
207.0
209.0
211.0
213.0
215.0
217.0
219.0
221.0
223.0
225.0
227.0
229.0
231.0
233.0
235.0
237.0
239.0
241.0
243.0
245.0
247.0
249.0
251.0
253.0
255.0
257.0
259.0
261.0
263.0
265.0
267.0
269.0
271.0
273.0
275.0
277.0
279.0
281.0
283.0
285.0
287.0
289.0
291.0
293.0
295.0
297.0
299.0
301.0
303.0
305.0
307.0
309.0
311.0
313.0
315.0
317.0
319.0
321.0
323.0
325.0
327.0
329.0
331.0
333.0
335.0
337.0
339.0
341.0
343.0
345.0
347.0
349.0
351.0
353.0
355.0
357.0
359.0
